[[{'boxes': tensor([[ 446.5756,  616.7394,  533.3469,  778.6075],
        [ 899.9755,  632.9597,  983.5590,  783.5102],
        [ 672.5181,  635.9385,  763.2629,  786.4655],
        [ 577.3245,  628.7083,  675.8082,  773.5598],
        [1120.4076,  638.6824, 1209.8478,  788.3572],
        [ 810.7648,  638.3552,  896.9031,  794.9055],
        [1070.4248,  636.7103, 1119.6271,  790.0536],
        [ 976.6803,  631.3199, 1075.2224,  783.1339],
        [ 531.3811,  630.4843,  581.3630,  778.3352],
        [ 762.9680,  637.6060,  810.6626,  783.0479],
        [ 898.9078,  638.9020,  982.7060,  759.3940],
        [ 580.4360,  626.3260,  660.9292,  757.5469],
        [ 988.8975,  623.9659, 1063.1000,  781.3879],
        [1121.1052,  649.0048, 1207.9371,  789.5311],
        [1123.9060,  626.8630, 1210.3247,  775.6442],
        [ 980.9919,  631.5800, 1071.4508,  809.8876],
        [ 812.4629,  630.5109,  895.6383,  766.3305],
        [1113.9318,  635.2773, 1209.3750,  795.4365],
        [ 985.7065,  634.4236, 1084.8492,  794.4215],
        [ 573.8000,  636.1513,  846.6208,  789.0469],
        [ 675.2862,  628.8985,  762.7391,  762.0053]], device='cuda:0',
       grad_fn=<StackBackward0>), 'labels': tensor([ 7, 10,  1,  5,  9,  1,  2,  3,  2,  2,  1,  3, 10,  6, 10,  9,  7,  7,
         5,  1,  7], device='cuda:0'), 'scores': tensor([0.9927, 0.9848, 0.9827, 0.9809, 0.9804, 0.9778, 0.9711, 0.9702, 0.9549,
        0.9389, 0.2195, 0.2145, 0.2042, 0.1220, 0.1006, 0.0905, 0.0869, 0.0759,
        0.0577, 0.0546, 0.0508], device='cuda:0', grad_fn=<IndexBackward0>)}], [{'boxes': tensor([[ 934.0934,  644.6791, 1017.5423,  787.8607],
        [ 846.1420,  654.5852,  930.9739,  795.1810],
        [ 712.8233,  650.7161,  800.8174,  787.4549],
        [1015.8666,  650.4984, 1111.1029,  788.5383],
        [ 801.9926,  647.7042,  846.1690,  787.4420],
        [ 624.1458,  645.2513,  710.3721,  779.8094],
        [ 578.7402,  643.2752,  622.9733,  784.7981],
        [ 491.2560,  631.0878,  577.3317,  781.4196],
        [1197.0804,  651.0154, 1287.4011,  801.5367],
        [1107.8455,  651.3373, 1195.7295,  793.4476],
        [ 934.0006,  654.2471, 1017.7827,  772.9687],
        [1103.8019,  634.4205, 1194.9806,  796.1545],
        [1021.1459,  647.0523, 1100.5111,  784.1712],
        [1111.1676,  648.3285, 1196.5978,  797.4756],
        [ 485.8665,  644.2184,  581.4546,  781.2224],
        [1205.5853,  641.9197, 1291.4691,  799.7643],
        [ 712.3129,  638.8776,  802.5521,  767.2695],
        [ 627.7389,  650.2695,  698.5731,  765.6342],
        [1199.7599,  645.9660, 1292.9778,  799.1717],
        [ 578.5231,  681.4856,  620.7130,  751.5981]], device='cuda:0',
       grad_fn=<StackBackward0>), 'labels': tensor([10,  1,  1,  3,  2,  5,  2,  7,  4,  4,  1,  9, 10,  6,  1,  6,  7,  3,
         9,  2], device='cuda:0'), 'scores': tensor([0.9837, 0.9831, 0.9813, 0.9787, 0.9757, 0.9741, 0.9739, 0.9646, 0.9642,
        0.9248, 0.2567, 0.2439, 0.1903, 0.1859, 0.1552, 0.1331, 0.0819, 0.0714,
        0.0691, 0.0575], device='cuda:0', grad_fn=<IndexBackward0>)}]]